{"metadata":{"kernelspec":{"language":"python","display_name":"Python 3","name":"python3"},"language_info":{"name":"python","version":"3.7.10","mimetype":"text/x-python","codemirror_mode":{"name":"ipython","version":3},"pygments_lexer":"ipython3","nbconvert_exporter":"python","file_extension":".py"},"kaggle":{"accelerator":"none","dataSources":[],"dockerImageVersionId":30120,"isInternetEnabled":true,"language":"python","sourceType":"notebook","isGpuEnabled":false}},"nbformat_minor":4,"nbformat":4,"cells":[{"cell_type":"markdown","source":"Strongly inspired from : https://www.kaggle.com/code/anandhuh/7-basic-plotly-charts-for-beginners","metadata":{}},{"cell_type":"markdown","source":"# Plotly Charts","metadata":{}},{"cell_type":"code","source":"import pandas as pd\nimport plotly.express as px\nimport plotly.graph_objects as go","metadata":{"execution":{"iopub.status.busy":"2024-06-26T23:46:09.280386Z","iopub.execute_input":"2024-06-26T23:46:09.280867Z","iopub.status.idle":"2024-06-26T23:46:10.116727Z","shell.execute_reply.started":"2024-06-26T23:46:09.280800Z","shell.execute_reply":"2024-06-26T23:46:10.115594Z"},"trusted":true},"execution_count":1,"outputs":[]},{"cell_type":"code","source":"url = 'https://bit.ly/3AVBLcJ'\ndataframe =  pd.read_csv(url,encoding = \"ISO-8859-1\",\n                    dtype={'Div1Airport': str, 'Div1TailNum': str, \n                    'Div2Airport': str, 'Div2TailNum': str}\n                    )","metadata":{"execution":{"iopub.status.busy":"2024-06-26T23:46:10.121929Z","iopub.execute_input":"2024-06-26T23:46:10.122262Z","iopub.status.idle":"2024-06-26T23:46:11.022251Z","shell.execute_reply.started":"2024-06-26T23:46:10.122226Z","shell.execute_reply":"2024-06-26T23:46:11.021164Z"},"trusted":true},"execution_count":2,"outputs":[]},{"cell_type":"code","source":"dataframe.head()","metadata":{"execution":{"iopub.status.busy":"2024-06-26T23:46:11.023973Z","iopub.execute_input":"2024-06-26T23:46:11.024297Z","iopub.status.idle":"2024-06-26T23:46:11.060275Z","shell.execute_reply.started":"2024-06-26T23:46:11.024265Z","shell.execute_reply":"2024-06-26T23:46:11.059197Z"},"trusted":true},"execution_count":3,"outputs":[{"execution_count":3,"output_type":"execute_result","data":{"text/plain":"   Unnamed: 0  Year  Quarter  Month  DayofMonth  DayOfWeek  FlightDate  \\\n0     1295781  1998        2      4           2          4  1998-04-02   \n1     1125375  2013        2      5          13          1  2013-05-13   \n2      118824  1993        3      9          25          6  1993-09-25   \n3      634825  1994        4     11          12          6  1994-11-12   \n4     1888125  2017        3      8          17          4  2017-08-17   \n\n  Reporting_Airline  DOT_ID_Reporting_Airline IATA_CODE_Reporting_Airline  \\\n0                AS                     19930                          AS   \n1                EV                     20366                          EV   \n2                UA                     19977                          UA   \n3                HP                     19991                          HP   \n4                UA                     19977                          UA   \n\n   ... Div4WheelsOff  Div4TailNum  Div5Airport  Div5AirportID  \\\n0  ...           NaN          NaN          NaN            NaN   \n1  ...           NaN          NaN          NaN            NaN   \n2  ...           NaN          NaN          NaN            NaN   \n3  ...           NaN          NaN          NaN            NaN   \n4  ...           NaN          NaN          NaN            NaN   \n\n   Div5AirportSeqID Div5WheelsOn Div5TotalGTime Div5LongestGTime  \\\n0               NaN          NaN            NaN              NaN   \n1               NaN          NaN            NaN              NaN   \n2               NaN          NaN            NaN              NaN   \n3               NaN          NaN            NaN              NaN   \n4               NaN          NaN            NaN              NaN   \n\n   Div5WheelsOff Div5TailNum  \n0            NaN         NaN  \n1            NaN         NaN  \n2            NaN         NaN  \n3            NaN         NaN  \n4            NaN         NaN  \n\n[5 rows x 110 columns]","text/html":"<div>\n<style scoped>\n    .dataframe tbody tr th:only-of-type {\n        vertical-align: middle;\n    }\n\n    .dataframe tbody tr th {\n        vertical-align: top;\n    }\n\n    .dataframe thead th {\n        text-align: right;\n    }\n</style>\n<table border=\"1\" class=\"dataframe\">\n  <thead>\n    <tr style=\"text-align: right;\">\n      <th></th>\n      <th>Unnamed: 0</th>\n      <th>Year</th>\n      <th>Quarter</th>\n      <th>Month</th>\n      <th>DayofMonth</th>\n      <th>DayOfWeek</th>\n      <th>FlightDate</th>\n      <th>Reporting_Airline</th>\n      <th>DOT_ID_Reporting_Airline</th>\n      <th>IATA_CODE_Reporting_Airline</th>\n      <th>...</th>\n      <th>Div4WheelsOff</th>\n      <th>Div4TailNum</th>\n      <th>Div5Airport</th>\n      <th>Div5AirportID</th>\n      <th>Div5AirportSeqID</th>\n      <th>Div5WheelsOn</th>\n      <th>Div5TotalGTime</th>\n      <th>Div5LongestGTime</th>\n      <th>Div5WheelsOff</th>\n      <th>Div5TailNum</th>\n    </tr>\n  </thead>\n  <tbody>\n    <tr>\n      <th>0</th>\n      <td>1295781</td>\n      <td>1998</td>\n      <td>2</td>\n      <td>4</td>\n      <td>2</td>\n      <td>4</td>\n      <td>1998-04-02</td>\n      <td>AS</td>\n      <td>19930</td>\n      <td>AS</td>\n      <td>...</td>\n      <td>NaN</td>\n      <td>NaN</td>\n      <td>NaN</td>\n      <td>NaN</td>\n      <td>NaN</td>\n      <td>NaN</td>\n      <td>NaN</td>\n      <td>NaN</td>\n      <td>NaN</td>\n      <td>NaN</td>\n    </tr>\n    <tr>\n      <th>1</th>\n      <td>1125375</td>\n      <td>2013</td>\n      <td>2</td>\n      <td>5</td>\n      <td>13</td>\n      <td>1</td>\n      <td>2013-05-13</td>\n      <td>EV</td>\n      <td>20366</td>\n      <td>EV</td>\n      <td>...</td>\n      <td>NaN</td>\n      <td>NaN</td>\n      <td>NaN</td>\n      <td>NaN</td>\n      <td>NaN</td>\n      <td>NaN</td>\n      <td>NaN</td>\n      <td>NaN</td>\n      <td>NaN</td>\n      <td>NaN</td>\n    </tr>\n    <tr>\n      <th>2</th>\n      <td>118824</td>\n      <td>1993</td>\n      <td>3</td>\n      <td>9</td>\n      <td>25</td>\n      <td>6</td>\n      <td>1993-09-25</td>\n      <td>UA</td>\n      <td>19977</td>\n      <td>UA</td>\n      <td>...</td>\n      <td>NaN</td>\n      <td>NaN</td>\n      <td>NaN</td>\n      <td>NaN</td>\n      <td>NaN</td>\n      <td>NaN</td>\n      <td>NaN</td>\n      <td>NaN</td>\n      <td>NaN</td>\n      <td>NaN</td>\n    </tr>\n    <tr>\n      <th>3</th>\n      <td>634825</td>\n      <td>1994</td>\n      <td>4</td>\n      <td>11</td>\n      <td>12</td>\n      <td>6</td>\n      <td>1994-11-12</td>\n      <td>HP</td>\n      <td>19991</td>\n      <td>HP</td>\n      <td>...</td>\n      <td>NaN</td>\n      <td>NaN</td>\n      <td>NaN</td>\n      <td>NaN</td>\n      <td>NaN</td>\n      <td>NaN</td>\n      <td>NaN</td>\n      <td>NaN</td>\n      <td>NaN</td>\n      <td>NaN</td>\n    </tr>\n    <tr>\n      <th>4</th>\n      <td>1888125</td>\n      <td>2017</td>\n      <td>3</td>\n      <td>8</td>\n      <td>17</td>\n      <td>4</td>\n      <td>2017-08-17</td>\n      <td>UA</td>\n      <td>19977</td>\n      <td>UA</td>\n      <td>...</td>\n      <td>NaN</td>\n      <td>NaN</td>\n      <td>NaN</td>\n      <td>NaN</td>\n      <td>NaN</td>\n      <td>NaN</td>\n      <td>NaN</td>\n      <td>NaN</td>\n      <td>NaN</td>\n      <td>NaN</td>\n    </tr>\n  </tbody>\n</table>\n<p>5 rows × 110 columns</p>\n</div>"},"metadata":{}}]},{"cell_type":"code","source":"dataframe.dtypes","metadata":{"execution":{"iopub.status.busy":"2024-06-26T23:46:11.061787Z","iopub.execute_input":"2024-06-26T23:46:11.062298Z","iopub.status.idle":"2024-06-26T23:46:11.071432Z","shell.execute_reply.started":"2024-06-26T23:46:11.062232Z","shell.execute_reply":"2024-06-26T23:46:11.070266Z"},"trusted":true},"execution_count":4,"outputs":[{"execution_count":4,"output_type":"execute_result","data":{"text/plain":"Unnamed: 0            int64\nYear                  int64\nQuarter               int64\nMonth                 int64\nDayofMonth            int64\n                     ...   \nDiv5WheelsOn        float64\nDiv5TotalGTime      float64\nDiv5LongestGTime    float64\nDiv5WheelsOff       float64\nDiv5TailNum         float64\nLength: 110, dtype: object"},"metadata":{}}]},{"cell_type":"code","source":"dataframe.shape","metadata":{"execution":{"iopub.status.busy":"2024-06-26T23:46:11.072811Z","iopub.execute_input":"2024-06-26T23:46:11.073144Z","iopub.status.idle":"2024-06-26T23:46:11.084545Z","shell.execute_reply.started":"2024-06-26T23:46:11.073109Z","shell.execute_reply":"2024-06-26T23:46:11.083569Z"},"trusted":true},"execution_count":5,"outputs":[{"execution_count":5,"output_type":"execute_result","data":{"text/plain":"(27000, 110)"},"metadata":{}}]},{"cell_type":"code","source":"[col for col in dataframe.columns]","metadata":{"execution":{"iopub.status.busy":"2024-06-26T23:46:11.086033Z","iopub.execute_input":"2024-06-26T23:46:11.086475Z","iopub.status.idle":"2024-06-26T23:46:11.099846Z","shell.execute_reply.started":"2024-06-26T23:46:11.086426Z","shell.execute_reply":"2024-06-26T23:46:11.098737Z"},"trusted":true},"execution_count":6,"outputs":[{"execution_count":6,"output_type":"execute_result","data":{"text/plain":"['Unnamed: 0',\n 'Year',\n 'Quarter',\n 'Month',\n 'DayofMonth',\n 'DayOfWeek',\n 'FlightDate',\n 'Reporting_Airline',\n 'DOT_ID_Reporting_Airline',\n 'IATA_CODE_Reporting_Airline',\n 'Tail_Number',\n 'Flight_Number_Reporting_Airline',\n 'OriginAirportID',\n 'OriginAirportSeqID',\n 'OriginCityMarketID',\n 'Origin',\n 'OriginCityName',\n 'OriginState',\n 'OriginStateFips',\n 'OriginStateName',\n 'OriginWac',\n 'DestAirportID',\n 'DestAirportSeqID',\n 'DestCityMarketID',\n 'Dest',\n 'DestCityName',\n 'DestState',\n 'DestStateFips',\n 'DestStateName',\n 'DestWac',\n 'CRSDepTime',\n 'DepTime',\n 'DepDelay',\n 'DepDelayMinutes',\n 'DepDel15',\n 'DepartureDelayGroups',\n 'DepTimeBlk',\n 'TaxiOut',\n 'WheelsOff',\n 'WheelsOn',\n 'TaxiIn',\n 'CRSArrTime',\n 'ArrTime',\n 'ArrDelay',\n 'ArrDelayMinutes',\n 'ArrDel15',\n 'ArrivalDelayGroups',\n 'ArrTimeBlk',\n 'Cancelled',\n 'CancellationCode',\n 'Diverted',\n 'CRSElapsedTime',\n 'ActualElapsedTime',\n 'AirTime',\n 'Flights',\n 'Distance',\n 'DistanceGroup',\n 'CarrierDelay',\n 'WeatherDelay',\n 'NASDelay',\n 'SecurityDelay',\n 'LateAircraftDelay',\n 'FirstDepTime',\n 'TotalAddGTime',\n 'LongestAddGTime',\n 'DivAirportLandings',\n 'DivReachedDest',\n 'DivActualElapsedTime',\n 'DivArrDelay',\n 'DivDistance',\n 'Div1Airport',\n 'Div1AirportID',\n 'Div1AirportSeqID',\n 'Div1WheelsOn',\n 'Div1TotalGTime',\n 'Div1LongestGTime',\n 'Div1WheelsOff',\n 'Div1TailNum',\n 'Div2Airport',\n 'Div2AirportID',\n 'Div2AirportSeqID',\n 'Div2WheelsOn',\n 'Div2TotalGTime',\n 'Div2LongestGTime',\n 'Div2WheelsOff',\n 'Div2TailNum',\n 'Div3Airport',\n 'Div3AirportID',\n 'Div3AirportSeqID',\n 'Div3WheelsOn',\n 'Div3TotalGTime',\n 'Div3LongestGTime',\n 'Div3WheelsOff',\n 'Div3TailNum',\n 'Div4Airport',\n 'Div4AirportID',\n 'Div4AirportSeqID',\n 'Div4WheelsOn',\n 'Div4TotalGTime',\n 'Div4LongestGTime',\n 'Div4WheelsOff',\n 'Div4TailNum',\n 'Div5Airport',\n 'Div5AirportID',\n 'Div5AirportSeqID',\n 'Div5WheelsOn',\n 'Div5TotalGTime',\n 'Div5LongestGTime',\n 'Div5WheelsOff',\n 'Div5TailNum']"},"metadata":{}}]},{"cell_type":"markdown","source":"## Heatmap","metadata":{}},{"cell_type":"code","source":"numerical_df = dataframe.select_dtypes(include=['int64'])\n\ncorrelation_matrix = numerical_df.corr()\n\nfig = px.imshow(correlation_matrix, \n                color_continuous_scale='RdBu_r', \n                title='Correlation Matrix Heatmap')\nfig.show()","metadata":{"execution":{"iopub.status.busy":"2024-06-26T23:46:11.101327Z","iopub.execute_input":"2024-06-26T23:46:11.101690Z","iopub.status.idle":"2024-06-26T23:46:11.538787Z","shell.execute_reply.started":"2024-06-26T23:46:11.101640Z","shell.execute_reply":"2024-06-26T23:46:11.537749Z"},"trusted":true},"execution_count":7,"outputs":[{"output_type":"display_data","data":{"text/html":"        <script type=\"text/javascript\">\n        window.PlotlyConfig = {MathJaxConfig: 'local'};\n        if (window.MathJax) {MathJax.Hub.Config({SVG: {font: \"STIX-Web\"}});}\n        if (typeof require !== 'undefined') {\n        require.undef(\"plotly\");\n        requirejs.config({\n            paths: {\n                'plotly': ['https://cdn.plot.ly/plotly-2.2.0.min']\n            }\n        });\n        require(['plotly'], function(Plotly) {\n            window._Plotly = Plotly;\n        });\n        }\n        </script>\n        "},"metadata":{}},{"output_type":"display_data","data":{"text/html":"<div>                            <div id=\"07c85d06-8052-40a5-9d05-5c6f26f4446e\" class=\"plotly-graph-div\" style=\"height:525px; width:100%;\"></div>            <script type=\"text/javascript\">                require([\"plotly\"], function(Plotly) {                    window.PLOTLYENV=window.PLOTLYENV || {};                                    if (document.getElementById(\"07c85d06-8052-40a5-9d05-5c6f26f4446e\")) {                    Plotly.newPlot(                        \"07c85d06-8052-40a5-9d05-5c6f26f4446e\",                        [{\"coloraxis\":\"coloraxis\",\"hovertemplate\":\"x: %{x}<br>y: %{y}<br>color: %{z}<extra></extra>\",\"name\":\"0\",\"type\":\"heatmap\",\"x\":[\"Unnamed: 0\",\"Year\",\"Quarter\",\"Month\",\"DayofMonth\",\"DayOfWeek\",\"DOT_ID_Reporting_Airline\",\"Flight_Number_Reporting_Airline\",\"OriginAirportID\",\"OriginAirportSeqID\",\"OriginCityMarketID\",\"OriginWac\",\"DestAirportID\",\"DestAirportSeqID\",\"DestCityMarketID\",\"DestWac\",\"CRSDepTime\",\"CRSArrTime\",\"DistanceGroup\"],\"xaxis\":\"x\",\"y\":[\"Unnamed: 0\",\"Year\",\"Quarter\",\"Month\",\"DayofMonth\",\"DayOfWeek\",\"DOT_ID_Reporting_Airline\",\"Flight_Number_Reporting_Airline\",\"OriginAirportID\",\"OriginAirportSeqID\",\"OriginCityMarketID\",\"OriginWac\",\"DestAirportID\",\"DestAirportSeqID\",\"DestCityMarketID\",\"DestWac\",\"CRSDepTime\",\"CRSArrTime\",\"DistanceGroup\"],\"yaxis\":\"y\",\"z\":[[1.0,0.002228174578232891,-0.014592345160033474,-0.013806421256249793,-0.0011231595003708924,0.007903862096174514,0.005457411656131056,0.016698326187110885,0.0018253792442436887,0.0018253880676523727,0.008800942611708794,-0.0007697500570832896,-0.007325151708228851,-0.007325163762096649,0.005219116662140342,-0.009403471312775564,-0.01301184907126093,-0.011066706875321653,-0.020415245356910777],[0.002228174578232891,1.0,-0.03614560785118958,-0.034541946102721606,-0.01138014717349221,0.001200596071987756,0.1467482373621807,0.3738249287712256,-0.04060241625673463,-0.04059803715155767,-0.00580534295400115,-0.0039014738216454205,-0.042499192351852906,-0.04249480102903567,-0.004555845195123963,-0.007328237292762576,-0.015890982147613107,0.008832313436721894,0.09631976980366552],[-0.014592345160033474,-0.03614560785118958,1.0,0.971337063694817,0.00467526488918192,0.002519391166697263,-0.011574601769044068,-0.01339246866512659,0.008768662681839623,0.00876861988322041,-0.0012437370839671173,0.019463823859370406,-0.004153631849881373,-0.004153670812375248,-0.009744476435562494,0.003439358248159897,0.005385095061077656,0.0014644937623766966,0.0010259960440360079],[-0.013806421256249793,-0.034541946102721606,0.971337063694817,1.0,0.002185717405652744,0.004300452572192467,-0.011703482923569637,-0.011883126151893521,0.010722654897129725,0.010722600796259142,0.0006011165384008595,0.017998092385120477,-0.003860337210133041,-0.003860376375868624,-0.00785347917514167,0.0007964497732451537,0.006381590345062825,0.001459007966087595,0.0018179119133753586],[-0.0011231595003708924,-0.01138014717349221,0.00467526488918192,0.002185717405652744,1.0,0.00846123119965499,-0.0037460062099473473,-0.00988516263288729,0.017328241680974455,0.01732821802312067,0.013675269773383932,0.01001063219885628,-0.0032952657978813377,-0.003295212748443109,-0.004912992048537407,0.007999878767242759,-0.0023042750371413154,0.00478710695647527,-0.0014902510483282307],[0.007903862096174514,0.001200596071987756,0.002519391166697263,0.004300452572192467,0.00846123119965499,1.0,0.0018232539600151966,0.012321960582977354,-0.006176560778297393,-0.006176526697236557,0.005481698180235101,-0.0013896501001149305,0.021354204576943425,0.02135429097981422,0.01914770274020217,0.0013169577118554475,0.010227376747572346,0.0054482074970820605,0.01402768696454502],[0.005457411656131056,0.1467482373621807,-0.011574601769044068,-0.011703482923569637,-0.0037460062099473473,0.0018232539600151966,1.0,0.38792173753440395,-0.028437835535847947,-0.028437378687292236,0.005628548143452098,-0.14629648120146502,-0.022446454884583085,-0.02244594130136332,0.0019602279054691594,-0.14596759965396833,0.008805422849321,-0.0076035595674012755,-0.051930065238658715],[0.016698326187110885,0.3738249287712256,-0.01339246866512659,-0.011883126151893521,-0.00988516263288729,0.012321960582977354,0.38792173753440395,1.0,-0.03877134579501633,-0.038770108126401685,0.04145306750257909,0.05065823047681138,-0.02925035342078747,-0.029249130221695945,0.052525907440342065,0.05530767773404086,-0.003419192589541529,-0.008457951041836966,-0.23101864121292578],[0.0018253792442436887,-0.04060241625673463,0.008768662681839623,0.010722654897129725,0.017328241680974455,-0.006176560778297393,-0.028437835535847947,-0.03877134579501633,1.0,0.9999999999720043,0.5791603733003292,0.26681340417816624,0.023008095954832074,0.023008110247145133,0.006364811761420504,0.1455921107346083,-0.03972095002902417,-0.0078111632716200315,0.08661791703092112],[0.0018253880676523727,-0.04059803715155767,0.00876861988322041,0.010722600796259142,0.01732821802312067,-0.006176526697236557,-0.028437378687292236,-0.038770108126401685,0.9999999999720043,1.0,0.5791603211495289,0.2668137309152838,0.02300806949731156,0.023008083817887028,0.0063649336956133375,0.14559219148280977,-0.03972084164057909,-0.0078111133400331845,0.08661842596485556],[0.008800942611708794,-0.00580534295400115,-0.0012437370839671173,0.0006011165384008595,0.013675269773383932,0.005481698180235101,0.005628548143452098,0.04145306750257909,0.5791603733003292,0.5791603211495289,1.0,0.10742198634470183,0.007326792014317268,0.007326898918839291,-0.03354380620049793,0.05323230724709693,-0.048805196489123626,-0.04057119310238997,-0.0013917725811599464],[-0.0007697500570832896,-0.0039014738216454205,0.019463823859370406,0.017998092385120477,0.01001063219885628,-0.0013896501001149305,-0.14629648120146502,0.05065823047681138,0.26681340417816624,0.2668137309152838,0.10742198634470183,1.0,0.14037168678101333,0.14037178428609814,0.055895518470131134,0.5215223789026554,-0.013337923913065356,0.011585932396792573,0.03378151199548951],[-0.007325151708228851,-0.042499192351852906,-0.004153631849881373,-0.003860337210133041,-0.0032952657978813377,0.021354204576943425,-0.022446454884583085,-0.02925035342078747,0.023008095954832074,0.02300806949731156,0.007326792014317268,0.14037168678101333,1.0,0.9999999999712801,0.5848098813007574,0.26684770415546805,0.02492223479388294,0.007407524154641686,0.06578410320393675],[-0.007325163762096649,-0.04249480102903567,-0.004153670812375248,-0.003860376375868624,-0.003295212748443109,0.02135429097981422,-0.02244594130136332,-0.029249130221695945,0.023008110247145133,0.023008083817887028,0.007326898918839291,0.14037178428609814,0.9999999999712801,1.0,0.5848098294572819,0.26684797082353234,0.024922007866184946,0.007407378032718087,0.06578462329961189],[0.005219116662140342,-0.004555845195123963,-0.009744476435562494,-0.00785347917514167,-0.004912992048537407,0.01914770274020217,0.0019602279054691594,0.052525907440342065,0.006364811761420504,0.0063649336956133375,-0.03354380620049793,0.055895518470131134,0.5848098813007574,0.5848098294572819,1.0,0.11052802736468645,0.0535104241979586,0.032419410152227074,-0.019840349344339078],[-0.009403471312775564,-0.007328237292762576,0.003439358248159897,0.0007964497732451537,0.007999878767242759,0.0013169577118554475,-0.14596759965396833,0.05530767773404086,0.1455921107346083,0.14559219148280977,0.05323230724709693,0.5215223789026554,0.26684770415546805,0.26684797082353234,0.11052802736468645,1.0,0.01219445935111048,-0.008414607454766422,0.03169687401568782],[-0.01301184907126093,-0.015890982147613107,0.005385095061077656,0.006381590345062825,-0.0023042750371413154,0.010227376747572346,0.008805422849321,-0.003419192589541529,-0.03972095002902417,-0.03972084164057909,-0.048805196489123626,-0.013337923913065356,0.02492223479388294,0.024922007866184946,0.0535104241979586,0.01219445935111048,1.0,0.7712753036575172,-0.0277661570535837],[-0.011066706875321653,0.008832313436721894,0.0014644937623766966,0.001459007966087595,0.00478710695647527,0.0054482074970820605,-0.0076035595674012755,-0.008457951041836966,-0.0078111632716200315,-0.0078111133400331845,-0.04057119310238997,0.011585932396792573,0.007407524154641686,0.007407378032718087,0.032419410152227074,-0.008414607454766422,0.7712753036575172,1.0,0.04626116213215133],[-0.020415245356910777,0.09631976980366552,0.0010259960440360079,0.0018179119133753586,-0.0014902510483282307,0.01402768696454502,-0.051930065238658715,-0.23101864121292578,0.08661791703092112,0.08661842596485556,-0.0013917725811599464,0.03378151199548951,0.06578410320393675,0.06578462329961189,-0.019840349344339078,0.03169687401568782,-0.0277661570535837,0.04626116213215133,1.0]]}],                        {\"coloraxis\":{\"colorscale\":[[0.0,\"rgb(5,48,97)\"],[0.1,\"rgb(33,102,172)\"],[0.2,\"rgb(67,147,195)\"],[0.3,\"rgb(146,197,222)\"],[0.4,\"rgb(209,229,240)\"],[0.5,\"rgb(247,247,247)\"],[0.6,\"rgb(253,219,199)\"],[0.7,\"rgb(244,165,130)\"],[0.8,\"rgb(214,96,77)\"],[0.9,\"rgb(178,24,43)\"],[1.0,\"rgb(103,0,31)\"]]},\"template\":{\"data\":{\"bar\":[{\"error_x\":{\"color\":\"#2a3f5f\"},\"error_y\":{\"color\":\"#2a3f5f\"},\"marker\":{\"line\":{\"color\":\"#E5ECF6\",\"width\":0.5},\"pattern\":{\"fillmode\":\"overlay\",\"size\":10,\"solidity\":0.2}},\"type\":\"bar\"}],\"barpolar\":[{\"marker\":{\"line\":{\"color\":\"#E5ECF6\",\"width\":0.5},\"pattern\":{\"fillmode\":\"overlay\",\"size\":10,\"solidity\":0.2}},\"type\":\"barpolar\"}],\"carpet\":[{\"aaxis\":{\"endlinecolor\":\"#2a3f5f\",\"gridcolor\":\"white\",\"linecolor\":\"white\",\"minorgridcolor\":\"white\",\"startlinecolor\":\"#2a3f5f\"},\"baxis\":{\"endlinecolor\":\"#2a3f5f\",\"gridcolor\":\"white\",\"linecolor\":\"white\",\"minorgridcolor\":\"white\",\"startlinecolor\":\"#2a3f5f\"},\"type\":\"carpet\"}],\"choropleth\":[{\"colorbar\":{\"outlinewidth\":0,\"ticks\":\"\"},\"type\":\"choropleth\"}],\"contour\":[{\"colorbar\":{\"outlinewidth\":0,\"ticks\":\"\"},\"colorscale\":[[0.0,\"#0d0887\"],[0.1111111111111111,\"#46039f\"],[0.2222222222222222,\"#7201a8\"],[0.3333333333333333,\"#9c179e\"],[0.4444444444444444,\"#bd3786\"],[0.5555555555555556,\"#d8576b\"],[0.6666666666666666,\"#ed7953\"],[0.7777777777777778,\"#fb9f3a\"],[0.8888888888888888,\"#fdca26\"],[1.0,\"#f0f921\"]],\"type\":\"contour\"}],\"contourcarpet\":[{\"colorbar\":{\"outlinewidth\":0,\"ticks\":\"\"},\"type\":\"contourcarpet\"}],\"heatmap\":[{\"colorbar\":{\"outlinewidth\":0,\"ticks\":\"\"},\"colorscale\":[[0.0,\"#0d0887\"],[0.1111111111111111,\"#46039f\"],[0.2222222222222222,\"#7201a8\"],[0.3333333333333333,\"#9c179e\"],[0.4444444444444444,\"#bd3786\"],[0.5555555555555556,\"#d8576b\"],[0.6666666666666666,\"#ed7953\"],[0.7777777777777778,\"#fb9f3a\"],[0.8888888888888888,\"#fdca26\"],[1.0,\"#f0f921\"]],\"type\":\"heatmap\"}],\"heatmapgl\":[{\"colorbar\":{\"outlinewidth\":0,\"ticks\":\"\"},\"colorscale\":[[0.0,\"#0d0887\"],[0.1111111111111111,\"#46039f\"],[0.2222222222222222,\"#7201a8\"],[0.3333333333333333,\"#9c179e\"],[0.4444444444444444,\"#bd3786\"],[0.5555555555555556,\"#d8576b\"],[0.6666666666666666,\"#ed7953\"],[0.7777777777777778,\"#fb9f3a\"],[0.8888888888888888,\"#fdca26\"],[1.0,\"#f0f921\"]],\"type\":\"heatmapgl\"}],\"histogram\":[{\"marker\":{\"pattern\":{\"fillmode\":\"overlay\",\"size\":10,\"solidity\":0.2}},\"type\":\"histogram\"}],\"histogram2d\":[{\"colorbar\":{\"outlinewidth\":0,\"ticks\":\"\"},\"colorscale\":[[0.0,\"#0d0887\"],[0.1111111111111111,\"#46039f\"],[0.2222222222222222,\"#7201a8\"],[0.3333333333333333,\"#9c179e\"],[0.4444444444444444,\"#bd3786\"],[0.5555555555555556,\"#d8576b\"],[0.6666666666666666,\"#ed7953\"],[0.7777777777777778,\"#fb9f3a\"],[0.8888888888888888,\"#fdca26\"],[1.0,\"#f0f921\"]],\"type\":\"histogram2d\"}],\"histogram2dcontour\":[{\"colorbar\":{\"outlinewidth\":0,\"ticks\":\"\"},\"colorscale\":[[0.0,\"#0d0887\"],[0.1111111111111111,\"#46039f\"],[0.2222222222222222,\"#7201a8\"],[0.3333333333333333,\"#9c179e\"],[0.4444444444444444,\"#bd3786\"],[0.5555555555555556,\"#d8576b\"],[0.6666666666666666,\"#ed7953\"],[0.7777777777777778,\"#fb9f3a\"],[0.8888888888888888,\"#fdca26\"],[1.0,\"#f0f921\"]],\"type\":\"histogram2dcontour\"}],\"mesh3d\":[{\"colorbar\":{\"outlinewidth\":0,\"ticks\":\"\"},\"type\":\"mesh3d\"}],\"parcoords\":[{\"line\":{\"colorbar\":{\"outlinewidth\":0,\"ticks\":\"\"}},\"type\":\"parcoords\"}],\"pie\":[{\"automargin\":true,\"type\":\"pie\"}],\"scatter\":[{\"marker\":{\"colorbar\":{\"outlinewidth\":0,\"ticks\":\"\"}},\"type\":\"scatter\"}],\"scatter3d\":[{\"line\":{\"colorbar\":{\"outlinewidth\":0,\"ticks\":\"\"}},\"marker\":{\"colorbar\":{\"outlinewidth\":0,\"ticks\":\"\"}},\"type\":\"scatter3d\"}],\"scattercarpet\":[{\"marker\":{\"colorbar\":{\"outlinewidth\":0,\"ticks\":\"\"}},\"type\":\"scattercarpet\"}],\"scattergeo\":[{\"marker\":{\"colorbar\":{\"outlinewidth\":0,\"ticks\":\"\"}},\"type\":\"scattergeo\"}],\"scattergl\":[{\"marker\":{\"colorbar\":{\"outlinewidth\":0,\"ticks\":\"\"}},\"type\":\"scattergl\"}],\"scattermapbox\":[{\"marker\":{\"colorbar\":{\"outlinewidth\":0,\"ticks\":\"\"}},\"type\":\"scattermapbox\"}],\"scatterpolar\":[{\"marker\":{\"colorbar\":{\"outlinewidth\":0,\"ticks\":\"\"}},\"type\":\"scatterpolar\"}],\"scatterpolargl\":[{\"marker\":{\"colorbar\":{\"outlinewidth\":0,\"ticks\":\"\"}},\"type\":\"scatterpolargl\"}],\"scatterternary\":[{\"marker\":{\"colorbar\":{\"outlinewidth\":0,\"ticks\":\"\"}},\"type\":\"scatterternary\"}],\"surface\":[{\"colorbar\":{\"outlinewidth\":0,\"ticks\":\"\"},\"colorscale\":[[0.0,\"#0d0887\"],[0.1111111111111111,\"#46039f\"],[0.2222222222222222,\"#7201a8\"],[0.3333333333333333,\"#9c179e\"],[0.4444444444444444,\"#bd3786\"],[0.5555555555555556,\"#d8576b\"],[0.6666666666666666,\"#ed7953\"],[0.7777777777777778,\"#fb9f3a\"],[0.8888888888888888,\"#fdca26\"],[1.0,\"#f0f921\"]],\"type\":\"surface\"}],\"table\":[{\"cells\":{\"fill\":{\"color\":\"#EBF0F8\"},\"line\":{\"color\":\"white\"}},\"header\":{\"fill\":{\"color\":\"#C8D4E3\"},\"line\":{\"color\":\"white\"}},\"type\":\"table\"}]},\"layout\":{\"annotationdefaults\":{\"arrowcolor\":\"#2a3f5f\",\"arrowhead\":0,\"arrowwidth\":1},\"autotypenumbers\":\"strict\",\"coloraxis\":{\"colorbar\":{\"outlinewidth\":0,\"ticks\":\"\"}},\"colorscale\":{\"diverging\":[[0,\"#8e0152\"],[0.1,\"#c51b7d\"],[0.2,\"#de77ae\"],[0.3,\"#f1b6da\"],[0.4,\"#fde0ef\"],[0.5,\"#f7f7f7\"],[0.6,\"#e6f5d0\"],[0.7,\"#b8e186\"],[0.8,\"#7fbc41\"],[0.9,\"#4d9221\"],[1,\"#276419\"]],\"sequential\":[[0.0,\"#0d0887\"],[0.1111111111111111,\"#46039f\"],[0.2222222222222222,\"#7201a8\"],[0.3333333333333333,\"#9c179e\"],[0.4444444444444444,\"#bd3786\"],[0.5555555555555556,\"#d8576b\"],[0.6666666666666666,\"#ed7953\"],[0.7777777777777778,\"#fb9f3a\"],[0.8888888888888888,\"#fdca26\"],[1.0,\"#f0f921\"]],\"sequentialminus\":[[0.0,\"#0d0887\"],[0.1111111111111111,\"#46039f\"],[0.2222222222222222,\"#7201a8\"],[0.3333333333333333,\"#9c179e\"],[0.4444444444444444,\"#bd3786\"],[0.5555555555555556,\"#d8576b\"],[0.6666666666666666,\"#ed7953\"],[0.7777777777777778,\"#fb9f3a\"],[0.8888888888888888,\"#fdca26\"],[1.0,\"#f0f921\"]]},\"colorway\":[\"#636efa\",\"#EF553B\",\"#00cc96\",\"#ab63fa\",\"#FFA15A\",\"#19d3f3\",\"#FF6692\",\"#B6E880\",\"#FF97FF\",\"#FECB52\"],\"font\":{\"color\":\"#2a3f5f\"},\"geo\":{\"bgcolor\":\"white\",\"lakecolor\":\"white\",\"landcolor\":\"#E5ECF6\",\"showlakes\":true,\"showland\":true,\"subunitcolor\":\"white\"},\"hoverlabel\":{\"align\":\"left\"},\"hovermode\":\"closest\",\"mapbox\":{\"style\":\"light\"},\"paper_bgcolor\":\"white\",\"plot_bgcolor\":\"#E5ECF6\",\"polar\":{\"angularaxis\":{\"gridcolor\":\"white\",\"linecolor\":\"white\",\"ticks\":\"\"},\"bgcolor\":\"#E5ECF6\",\"radialaxis\":{\"gridcolor\":\"white\",\"linecolor\":\"white\",\"ticks\":\"\"}},\"scene\":{\"xaxis\":{\"backgroundcolor\":\"#E5ECF6\",\"gridcolor\":\"white\",\"gridwidth\":2,\"linecolor\":\"white\",\"showbackground\":true,\"ticks\":\"\",\"zerolinecolor\":\"white\"},\"yaxis\":{\"backgroundcolor\":\"#E5ECF6\",\"gridcolor\":\"white\",\"gridwidth\":2,\"linecolor\":\"white\",\"showbackground\":true,\"ticks\":\"\",\"zerolinecolor\":\"white\"},\"zaxis\":{\"backgroundcolor\":\"#E5ECF6\",\"gridcolor\":\"white\",\"gridwidth\":2,\"linecolor\":\"white\",\"showbackground\":true,\"ticks\":\"\",\"zerolinecolor\":\"white\"}},\"shapedefaults\":{\"line\":{\"color\":\"#2a3f5f\"}},\"ternary\":{\"aaxis\":{\"gridcolor\":\"white\",\"linecolor\":\"white\",\"ticks\":\"\"},\"baxis\":{\"gridcolor\":\"white\",\"linecolor\":\"white\",\"ticks\":\"\"},\"bgcolor\":\"#E5ECF6\",\"caxis\":{\"gridcolor\":\"white\",\"linecolor\":\"white\",\"ticks\":\"\"}},\"title\":{\"x\":0.05},\"xaxis\":{\"automargin\":true,\"gridcolor\":\"white\",\"linecolor\":\"white\",\"ticks\":\"\",\"title\":{\"standoff\":15},\"zerolinecolor\":\"white\",\"zerolinewidth\":2},\"yaxis\":{\"automargin\":true,\"gridcolor\":\"white\",\"linecolor\":\"white\",\"ticks\":\"\",\"title\":{\"standoff\":15},\"zerolinecolor\":\"white\",\"zerolinewidth\":2}}},\"title\":{\"text\":\"Correlation Matrix Heatmap\"},\"xaxis\":{\"anchor\":\"y\",\"constrain\":\"domain\",\"domain\":[0.0,1.0],\"scaleanchor\":\"y\"},\"yaxis\":{\"anchor\":\"x\",\"autorange\":\"reversed\",\"constrain\":\"domain\",\"domain\":[0.0,1.0]}},                        {\"responsive\": true}                    ).then(function(){\n                            \nvar gd = document.getElementById('07c85d06-8052-40a5-9d05-5c6f26f4446e');\nvar x = new MutationObserver(function (mutations, observer) {{\n        var display = window.getComputedStyle(gd).display;\n        if (!display || display === 'none') {{\n            console.log([gd, 'removed!']);\n            Plotly.purge(gd);\n            observer.disconnect();\n        }}\n}});\n\n// Listen for the removal of the full notebook cells\nvar notebookContainer = gd.closest('#notebook-container');\nif (notebookContainer) {{\n    x.observe(notebookContainer, {childList: true});\n}}\n\n// Listen for the clearing of the current output cell\nvar outputEl = gd.closest('.output');\nif (outputEl) {{\n    x.observe(outputEl, {childList: true});\n}}\n\n                        })                };                });            </script>        </div>"},"metadata":{}}]},{"cell_type":"markdown","source":"## Scatter plot","metadata":{}},{"cell_type":"code","source":"fig = go.Figure(data=go.Scatter(x=dataframe['Distance'],\n                                y=dataframe['AirTime'],\n                                mode='markers',\n                               marker=dict(color='red')))\n\nfig.update_layout(title='Distance vs Departure Time',\n                  xaxis_title='Distance',\n                  yaxis_title='AirTime')\n\nfig.show()","metadata":{"execution":{"iopub.status.busy":"2024-06-26T23:46:11.541748Z","iopub.execute_input":"2024-06-26T23:46:11.542105Z","iopub.status.idle":"2024-06-26T23:46:11.608004Z","shell.execute_reply.started":"2024-06-26T23:46:11.542067Z","shell.execute_reply":"2024-06-26T23:46:11.606778Z"},"trusted":true},"execution_count":8,"outputs":[{"output_type":"display_data","data":{"text/html":"<div>                            <div id=\"e5e4759b-3bf0-401b-9b28-a15bb6c22e7c\" class=\"plotly-graph-div\" style=\"height:525px; width:100%;\"></div>            <script type=\"text/javascript\">                require([\"plotly\"], function(Plotly) {                    window.PLOTLYENV=window.PLOTLYENV || {};                                    if (document.getElementById(\"e5e4759b-3bf0-401b-9b28-a15bb6c22e7c\")) {                    Plotly.newPlot(                        \"e5e4759b-3bf0-401b-9b28-a15bb6c22e7c\",                        [{\"marker\":{\"color\":\"red\"},\"mode\":\"markers\",\"type\":\"scatter\",\"x\":[224.0,277.0,130.0,370.0,692.0,1171.0,1011.0,594.0,4065.0,448.0,612.0,177.0,1089.0,316.0,802.0,304.0,678.0,140.0,634.0,308.0,363.0,931.0,101.0,1162.0,1745.0,1814.0,532.0,852.0,200.0,680.0,682.0,661.0,196.0,2704.0,977.0,215.0,1452.0,386.0,487.0,2475.0,143.0,100.0,280.0,446.0,1946.0,446.0,614.0,473.0,604.0,1448.0,1440.0,134.0,1192.0,554.0,957.0,763.0,543.0,430.0,3826.0,2176.0,449.0,1324.0,1197.0,896.0,483.0,874.0,283.0,337.0,432.0,413.0,370.0,413.0,529.0,224.0,366.0,733.0,453.0,2527.0,214.0,328.0,255.0,954.0,602.0,787.0,442.0,1749.0,1440.0,185.0,837.0,356.0,1012.0,110.0,425.0,418.0,515.0,1235.0,1416.0,279.0,255.0,2565.0,231.0,576.0,845.0,456.0,214.0,447.0,1449.0,215.0,334.0,872.0,418.0,116.0,371.0,347.0,671.0,365.0,236.0,314.0,197.0,1103.0,1624.0,612.0,342.0,1235.0,1325.0,256.0,1660.0,2227.0,1121.0,313.0,1096.0,733.0,408.0,913.0,228.0,849.0,926.0,341.0,129.0,669.0,391.0,223.0,595.0,157.0,1053.0,183.0,883.0,237.0,563.0,964.0,319.0,2704.0,1069.0,1263.0,719.0,927.0,861.0,1085.0,405.0,237.0,316.0,868.0,530.0,1846.0,759.0,931.0,440.0,370.0,205.0,129.0,1080.0,383.0,1035.0,436.0,1103.0,2475.0,237.0,883.0,550.0,1013.0,1491.0,585.0,846.0,612.0,868.0,1521.0,1300.0,1090.0,144.0,418.0,1619.0,1072.0,679.0,367.0,214.0,337.0,1310.0,719.0,414.0,412.0,187.0,1065.0,872.0,930.0,651.0,1096.0,1569.0,113.0,907.0,870.0,174.0,164.0,612.0,599.0,872.0,505.0,761.0,695.0,547.0,323.0,405.0,843.0,1597.0,569.0,449.0,1107.0,296.0,487.0,296.0,1515.0,700.0,475.0,141.0,829.0,821.0,1069.0,903.0,1034.0,264.0,759.0,403.0,991.0,328.0,1846.0,1708.0,551.0,977.0,330.0,228.0,100.0,1086.0,183.0,853.0,290.0,270.0,2475.0,77.0,229.0,364.0,1389.0,411.0,631.0,508.0,1716.0,305.0,237.0,657.0,872.0,155.0,674.0,201.0,2565.0,2133.0,533.0,900.0,393.0,606.0,390.0,1217.0,390.0,696.0,395.0,1721.0,282.0,191.0,382.0,1766.0,2182.0,762.0,192.0,109.0,449.0,731.0,181.0,238.0,2556.0,109.0,592.0,1076.0,1235.0,606.0,550.0,679.0,1310.0,867.0,991.0,236.0,1747.0,1535.0,1407.0,200.0,852.0,656.0,862.0,1306.0,507.0,852.0,853.0,160.0,402.0,321.0,256.0,313.0,590.0,190.0,1416.0,451.0,507.0,120.0,232.0,1440.0,197.0,335.0,1062.0,1345.0,349.0,1747.0,533.0,529.0,2454.0,551.0,372.0,330.0,802.0,888.0,133.0,1282.0,425.0,544.0,212.0,1440.0,754.0,226.0,967.0,671.0,166.0,334.0,587.0,205.0,925.0,1020.0,1050.0,332.0,515.0,143.0,411.0,554.0,745.0,211.0,239.0,708.0,1709.0,239.0,793.0,463.0,347.0,872.0,590.0,325.0,813.0,449.0,868.0,409.0,992.0,256.0,365.0,1836.0,370.0,239.0,625.0,2381.0,383.0,79.0,1192.0,484.0,258.0,1368.0,787.0,186.0,641.0,978.0,1431.0,86.0,240.0,338.0,397.0,809.0,251.0,271.0,895.0,187.0,696.0,358.0,619.0,1452.0,1438.0,413.0,89.0,237.0,936.0,763.0,1235.0,1846.0,505.0,991.0,918.0,1635.0,77.0,1827.0,674.0,365.0,2611.0,211.0,325.0,536.0,1448.0,395.0,308.0,2586.0,629.0,320.0,226.0,270.0,197.0,308.0,1507.0,191.0,215.0,256.0,494.0,1439.0,833.0,369.0,451.0,209.0,457.0,196.0,459.0,503.0,286.0,187.0,658.0,1416.0,186.0,337.0,528.0,587.0,862.0,2611.0,293.0,228.0,867.0,643.0,692.0,277.0,1947.0,460.0,1723.0,405.0,911.0,447.0,2454.0,542.0,1017.0,895.0,957.0,1723.0,337.0,985.0,1005.0,1008.0,386.0,70.0,100.0,759.0,489.0,1013.0,569.0,2504.0,130.0,667.0,1363.0,2586.0,411.0,347.0,447.0,332.0,466.0,862.0,630.0,403.0,592.0,332.0,457.0,1009.0,487.0,589.0,239.0,2342.0,373.0,599.0,1389.0,1302.0,883.0,174.0,227.0,235.0,274.0,304.0,1189.0,1721.0,927.0,529.0,1117.0,1025.0,94.0,786.0,628.0,417.0,228.0,100.0,328.0,298.0,627.0,1449.0,1338.0,267.0,570.0,2475.0,337.0,508.0,346.0,365.0,395.0,2447.0,229.0,256.0,301.0,547.0,258.0,77.0,547.0,1042.0,372.0,980.0,196.0,256.0,237.0,1195.0,478.0,1032.0,334.0,191.0,239.0,267.0,261.0,1065.0,512.0,205.0,461.0,986.0,304.0,453.0,1739.0,696.0,225.0,306.0,168.0,503.0,986.0,1745.0,522.0,221.0,328.0,500.0,185.0,585.0,512.0,678.0,547.0,758.0,515.0,1504.0,95.0,303.0,214.0,787.0,619.0,857.0,756.0,248.0,871.0,493.0,669.0,353.0,623.0,1046.0,1846.0,541.0,763.0,183.0,1452.0,1927.0,139.0,175.0,189.0,399.0,837.0,463.0,1635.0,589.0,178.0,403.0,860.0,644.0,528.0,2079.0,862.0,918.0,1660.0,936.0,624.0,667.0,375.0,258.0,631.0,177.0,301.0,105.0,950.0,906.0,259.0,2153.0,852.0,761.0,1781.0,507.0,413.0,446.0,458.0,746.0,1014.0,1744.0,2425.0,2475.0,594.0,533.0,110.0,606.0,264.0,418.0,178.0,2586.0,331.0,395.0,874.0,632.0,235.0,416.0,569.0,491.0,1599.0,689.0,1068.0,985.0,551.0,1536.0,838.0,601.0,386.0,652.0,189.0,1237.0,74.0,110.0,120.0,987.0,732.0,654.0,719.0,585.0,472.0,76.0,1009.0,340.0,646.0,130.0,732.0,156.0,964.0,1745.0,100.0,395.0,679.0,540.0,328.0,927.0,674.0,737.0,432.0,1315.0,550.0,2288.0,862.0,302.0,276.0,189.0,936.0,622.0,590.0,589.0,1046.0,533.0,447.0,197.0,852.0,2419.0,318.0,762.0,310.0,391.0,678.0,224.0,714.0,236.0,643.0,1609.0,342.0,632.0,1157.0,590.0,631.0,271.0,328.0,1723.0,338.0,980.0,323.0,196.0,737.0,460.0,674.0,528.0,564.0,407.0,984.0,383.0,689.0,594.0,535.0,695.0,164.0,1085.0,224.0,1836.0,120.0,551.0,1235.0,368.0,402.0,843.0,1389.0,328.0,297.0,2556.0,861.0,278.0,1736.0,549.0,270.0,1133.0,680.0,2237.0,407.0,1616.0,2614.0,403.0,507.0,1407.0,1024.0,2217.0,693.0,297.0,418.0,427.0,308.0,631.0,1399.0,133.0,2327.0,358.0,265.0,689.0,418.0,632.0,460.0,2402.0,134.0,589.0,838.0,1325.0,417.0,173.0,708.0,1186.0,187.0,1192.0,1005.0,284.0,183.0,1095.0,2454.0,264.0,199.0,557.0,868.0,361.0,496.0,581.0,562.0,207.0,964.0,936.0,2465.0,2554.0,4184.0,622.0,1043.0,189.0,185.0,321.0,1121.0,237.0,1389.0,403.0,259.0,484.0,1024.0,282.0,683.0,1444.0,548.0,2475.0,334.0,231.0,259.0,313.0,409.0,278.0,581.0,431.0,292.0,585.0,1416.0,239.0,291.0,1199.0,1069.0,913.0,829.0,738.0,781.0,272.0,296.0,680.0,159.0,427.0,622.0,1066.0,832.0,563.0,985.0,1068.0,1050.0,529.0,390.0,351.0,612.0,358.0,144.0,437.0,991.0,468.0,214.0,776.0,134.0,700.0,150.0,268.0,2486.0,599.0,2398.0,408.0,336.0,1947.0,1660.0,929.0,551.0,224.0,370.0,305.0,448.0,1044.0,834.0,612.0,918.0,1592.0,1452.0,1188.0,862.0,403.0,783.0,187.0,224.0,1756.0,631.0,303.0,255.0,689.0,488.0,226.0,762.0,551.0,211.0,240.0,198.0,199.0,541.0,413.0,679.0,106.0,503.0,77.0,316.0,347.0,453.0,452.0,1024.0,2039.0,719.0,2454.0,355.0,471.0,328.0,399.0,1171.0,677.0,550.0,595.0,1123.0,1005.0,1031.0,236.0,370.0,522.0,692.0,229.0,1089.0,2077.0,76.0,185.0,1050.0,318.0,304.0,334.0,528.0,66.0,90.0,2486.0,150.0,1144.0,187.0,1481.0,547.0,762.0,1944.0,195.0,1164.0,256.0,1745.0,641.0,224.0,325.0,696.0,140.0,837.0,551.0,168.0,1843.0,337.0,726.0,1121.0,403.0,2079.0,455.0,250.0,302.0,473.0,950.0,326.0,640.0,1220.0,363.0,116.0,547.0,73.0,406.0,1119.0,293.0,1029.0,574.0,1121.0,111.0,432.0,390.0,321.0,393.0,1597.0,872.0,373.0,213.0,651.0,551.0,307.0,408.0,1514.0,236.0,1703.0,246.0,370.0,719.0,399.0,209.0,1830.0,296.0,577.0,314.0,24.0,1389.0,286.0,693.0,1121.0,229.0,661.0,1440.0,282.0,1282.0,835.0,637.0,909.0,369.0,499.0,330.0,328.0,882.0,140.0,618.0,590.0,528.0,692.0,723.0,2079.0,2520.0,185.0,337.0,585.0,462.0,589.0,1635.0,193.0,1589.0,427.0,599.0,931.0,404.0,214.0,374.0,616.0,534.0,326.0,156.0,115.0,2511.0,842.0,320.0,431.0,868.0,303.0,325.0,1214.0,325.0,67.0,529.0,742.0,696.0,599.0,329.0,842.0,280.0,140.0,712.0,1747.0,1167.0,315.0,129.0,495.0,100.0,383.0,661.0,178.0,989.0,349.0,786.0,229.0,484.0,183.0,462.0,1085.0,957.0,228.0,691.0,473.0,687.0,1121.0,487.0,264.0,337.0,580.0,1118.0,1849.0,484.0,969.0,446.0,316.0,236.0,353.0,116.0,1166.0,1747.0,462.0,949.0,569.0,651.0,296.0,1249.0,590.0,297.0,984.0,196.0,951.0,256.0,933.0,2182.0,281.0,255.0,248.0,483.0,906.0,446.0,328.0,1044.0,719.0,1587.0,472.0,637.0,258.0,399.0,997.0,631.0,1175.0,689.0,874.0,585.0,1040.0,201.0,189.0,525.0,1721.0,448.0,868.0,443.0,868.0,627.0,282.0,339.0,489.